-2.684125625969538742e+00 3.193972465850860587e-01
-2.714141687294324701e+00 -1.770012250647976515e-01
-2.888990569059296298e+00 -1.449494260855725969e-01
-2.745342855641408786e+00 -3.182989792519315131e-01
-2.728716536554532723e+00 3.267545129349054278e-01
-2.280859632844497220e+00 7.413304490629037957e-01
-2.820537750740609528e+00 -8.946138452858232171e-02
-2.626144973146634420e+00 1.633849596983134589e-01
-2.886382731780550603e+00 -5.783117541867204281e-01
-2.672755797820953738e+00 -1.137742458741346496e-01
-2.506947090651860055e+00 6.450688986485593190e-01
-2.612755230908724080e+00 1.472993916136022818e-02
-2.786109266188016687e+00 -2.351120002017363930e-01
-3.223803743865650162e+00 -5.113945870063991705e-01
-2.644750389942037039e+00 1.178764636437559687e+00
-2.386039033531141662e+00 1.338062330400642708e+00
-2.623527875224431316e+00 8.106795141812446204e-01
-2.648296706254383626e+00 3.118491445933404549e-01
-2.199820323617585949e+00 8.728390389621978329e-01
-2.587986399878772215e+00 5.135603087492643937e-01
-2.310256215242521005e+00 3.913459356538790956e-01
-2.543705228757159098e+00 4.329960632790159636e-01
-3.215939415648613409e+00 1.334680695385106475e-01
-2.302733182226207820e+00 9.870885481408731010e-02
-2.355754049123773619e+00 -3.728185967739516826e-02
-2.506668906925821005e+00 -1.460168804952850508e-01
-2.468820073121340108e+00 1.309514894352368231e-01
-2.562319906196018682e+00 3.677188574341849758e-01
-2.639534715384544761e+00 3.120399802352666896e-01
-2.631989387274345393e+00 -1.969612249243288815e-01
-2.587398476689351856e+00 -2.043184912741491388e-01
-2.409932497002177154e+00 4.109242642295578563e-01
-2.648862334349917802e+00 8.133638202969484254e-01
-2.598736749100594157e+00 1.093145759449345000e+00
-2.636926878105798622e+00 -1.213223478658793653e-01
-2.866241652118670213e+00 6.936447158006409097e-02
-2.625238049850375788e+00 5.993700213794070919e-01
-2.800684115448224265e+00 2.686437377979666863e-01
-2.980502043781991350e+00 -4.879583444286312854e-01
-2.590006313968097995e+00 2.290438368269978042e-01
-2.770102426027903686e+00 2.635275337442424259e-01
-2.849368705043098249e+00 -9.409605736412158805e-01
-2.997406546594906018e+00 -3.419260574716247447e-01
-2.405614485097486988e+00 1.888714289302502181e-01
-2.209489237783682558e+00 4.366631416391779652e-01
-2.714451426757706454e+00 -2.502082041852267125e-01
-2.538148258998943696e+00 5.037711444614245693e-01
-2.839462167642849533e+00 -2.279455694938423704e-01
-2.543085749830396924e+00 5.794100215198749737e-01
-2.703359782335160499e+00 1.077060824993960608e-01
1.284825688858347803e+00 6.851604704673111002e-01
9.324885323123162095e-01 3.183336382626338334e-01
1.464302321991390876e+00 5.042628153092074683e-01
1.833177199583753136e-01 -8.279590118206341387e-01
1.088103257711664718e+00 7.459067519771789279e-02
6.416690842580790033e-01 -4.182468715686766814e-01
1.095060662632444171e+00 2.834682700615358542e-01
-7.491226698296520325e-01 -1.004890961181899911e+00
1.044131826053433798e+00 2.283618997883953838e-01
-8.745404082892704878e-03 -7.230819050048324925e-01
-5.078408838353185573e-01 -1.265971190526400392e+00
5.116985574475974019e-01 -1.039812354990372611e-01
2.649765081120500909e-01 -5.500364636804810914e-01
9.849345104708904231e-01 -1.248178541263538222e-01
-1.739253716817668050e-01 -2.548542087025911229e-01
9.278607809442442900e-01 4.671794944415124107e-01
6.602837616969381429e-01 -3.529696657238448054e-01
2.361049933176735394e-01 -3.336107668249184144e-01
9.447337280198162546e-01 -5.431455507797666726e-01
4.522697629870364722e-02 -5.838343774718675050e-01
1.116283177350048561e+00 -8.461685219477832476e-02
3.578884179973069735e-01 -6.892503165601571169e-02
1.298183875358914996e+00 -3.277873083339155613e-01
9.217289224470368580e-01 -1.827377936213672172e-01
7.148533259114104865e-01 1.490559443697838660e-01
9.001743731721649766e-01 3.285044738343252391e-01
1.332024436722086591e+00 2.444408760163438998e-01
1.557802155066068117e+00 2.674954473102602037e-01
8.132906498175414001e-01 -1.633503006876120267e-01
-3.055837780243066959e-01 -3.682621897545939049e-01
-6.812649206835974525e-02 -7.051721317994692484e-01
-1.896224723784980526e-01 -6.802867635281382164e-01
1.364287115580165022e-01 -3.140324382492387656e-01
1.380026435915512550e+00 -4.209542873138758523e-01
5.880064433398652923e-01 -4.842874199812126079e-01
8.068583125004096246e-01 1.941823147131582772e-01
1.220690882444349867e+00 4.076195936110105222e-01
8.150952357666021442e-01 -3.720370599095046416e-01
2.459576798866933700e-01 -2.685243966220136613e-01
1.664132171454602016e-01 -6.819267248636275980e-01
4.648002884037820692e-01 -6.707115445117199926e-01
8.908151984694487879e-01 -3.446444436826467950e-02
2.305480235594572491e-01 -4.043858480073279082e-01
-7.045317592446576072e-01 -1.012248227531720168e+00
3.569814947010492290e-01 -5.049100933371084565e-01
3.319344799450583139e-01 -2.126546837811691404e-01
3.762156510666709863e-01 -2.932189292514184586e-01
6.425760075543376360e-01 1.773819011241606347e-02
-9.064698649488311943e-01 -7.560933665990186014e-01
2.990008418781444632e-01 -3.488978064503358567e-01
2.531192727803626141e+00 -9.849109498780705962e-03
1.415235876703904161e+00 -5.749163475464795781e-01
2.616676015995688331e+00 3.439031513417472041e-01
1.971531053043435122e+00 -1.797279043522355124e-01
2.350005920044639929e+00 -4.026094714251549078e-02
3.397038736053254127e+00 5.508366730280691570e-01
5.212322439097789584e-01 -1.192758727000638785e+00
2.932587068993687041e+00 3.555000029775063908e-01
2.321228816573378317e+00 -2.438315023106829571e-01
2.916750966786066712e+00 7.827919488152979000e-01
1.661774153636528695e+00 2.422284077550784787e-01
1.803401952965091759e+00 -2.156376173335470270e-01
2.165591796080143183e+00 2.162755850740358810e-01
1.346163579458454329e+00 -7.768183473443297515e-01
1.585928223873223075e+00 -5.396407140267038827e-01
1.904456374793426221e+00 1.192506920919882418e-01
1.949689059399068114e+00 4.194325966322143273e-02
3.487055364290272408e+00 1.175739329713448633e+00
3.795645422072881914e+00 2.573229734204938168e-01
1.300791712637661135e+00 -7.611496364350607280e-01
2.427817913066043332e+00 3.781960126170664793e-01
1.199001105465562489e+00 -6.060915277579201899e-01
3.499920038924535959e+00 4.606740989119062490e-01
1.388766131691466121e+00 -2.043993273521449439e-01
2.275430503872201804e+00 3.349906058216927107e-01
2.614090473810827930e+00 5.609013551230885852e-01
1.258508160511487617e+00 -1.797047947227401465e-01
1.291132059115020603e+00 -1.166686511740024912e-01
2.123608722773894897e+00 -2.097294766772908048e-01
2.388003016003463763e+00 4.646398047087423322e-01
2.841672778103868424e+00 3.752691671951113861e-01
3.230673661432083676e+00 1.374165086793063040e+00
2.159437642489050901e+00 -2.172775786690364086e-01
1.444161242329509598e+00 -1.434134104575761626e-01
1.781294810045113586e+00 -4.999016810781311548e-01
3.076499931687184386e+00 6.880856775711894358e-01
2.144243314302079817e+00 1.400642010898076606e-01
1.905098148814073689e+00 4.930052601304080184e-02
1.169326339341499654e+00 -1.649902620231005201e-01
2.107611143257239306e+00 3.722878719608093689e-01
2.314154705235598186e+00 1.836512791690338986e-01
1.922267800902599078e+00 4.092034668160744459e-01
1.415235876703904161e+00 -5.749163475464795781e-01
2.563013375077472844e+00 2.778626029292112776e-01
2.418746182732823158e+00 3.047981978547111837e-01
1.944109794546966974e+00 1.875323028006175008e-01
1.527166614814518653e+00 -3.753169825804816284e-01
1.764345717044427886e+00 7.885885451848650973e-02
1.900941614218422338e+00 1.166279585120406637e-01
1.390188861947914134e+00 -2.826609379905402619e-01
